9.999999999999908,	0.0,	0.0,	
8.999999999999908,	17.099999999999895,	18.9999999999999,	
9.999999999999908,	0.0,	0.0,	
8.999999999999908,	17.099999999999895,	18.9999999999999,	
8.999999999999908,	17.099999999999895,	18.9999999999999,	
9.999999999999908,	18.099999999999895,	18.9999999999999,	
9.999999999999908,	0.0,	0.0,	
9.999999999999908,	18.099999999999895,	18.9999999999999,	
9.999999999999908,	0.0,	0.0,	
8.999999999999908,	17.099999999999895,	18.9999999999999,	
8.999999999999908,	17.099999999999895,	18.9999999999999,	
9.999999999999908,	18.099999999999895,	18.9999999999999,	
8.999999999999908,	17.099999999999895,	18.9999999999999,	
8.999999999999908,	17.099999999999895,	18.9999999999999,	
9.999999999999908,	18.099999999999895,	18.9999999999999,	
9.999999999999908,	18.099999999999895,	18.9999999999999,	
9.999999999999908,	18.099999999999895,	18.9999999999999,	
9.999999999999908,	18.099999999999895,	18.9999999999999,	
9.999999999999908,	0.0,	0.0,	
9.999999999999908,	18.099999999999895,	18.9999999999999,	
9.999999999999908,	0.0,	0.0,	
9.999999999999908,	18.099999999999895,	18.9999999999999,	
9.999999999999908,	18.099999999999895,	18.9999999999999,	
9.999999999999908,	18.099999999999895,	18.9999999999999,	
9.999999999999908,	0.0,	0.0,	
9.999999999999908,	18.099999999999895,	18.9999999999999,	
9.999999999999908,	0.0,	0.0,	
8.999999999999908,	17.099999999999895,	18.9999999999999,	
8.999999999999908,	17.099999999999895,	18.9999999999999,	
9.999999999999908,	18.099999999999895,	18.9999999999999,	
8.999999999999908,	17.099999999999895,	18.9999999999999,	
8.999999999999908,	17.099999999999895,	18.9999999999999,	
9.999999999999908,	18.099999999999895,	18.9999999999999,	
9.999999999999908,	18.099999999999895,	18.9999999999999,	
9.999999999999908,	18.099999999999895,	18.9999999999999,	
9.999999999999908,	18.099999999999895,	18.9999999999999,	
8.999999999999908,	17.099999999999895,	18.9999999999999,	
8.999999999999908,	17.099999999999895,	18.9999999999999,	
9.999999999999908,	18.099999999999895,	18.9999999999999,	
8.999999999999908,	17.099999999999895,	18.9999999999999,	
8.999999999999908,	17.099999999999895,	18.9999999999999,	
9.999999999999908,	18.099999999999895,	18.9999999999999,	
9.999999999999908,	18.099999999999895,	18.9999999999999,	
9.999999999999908,	18.099999999999895,	18.9999999999999,	
9.999999999999908,	18.099999999999895,	18.9999999999999,	
9.999999999999908,	18.099999999999895,	18.9999999999999,	
9.999999999999908,	18.099999999999895,	18.9999999999999,	
9.999999999999908,	18.099999999999895,	18.9999999999999,	
9.999999999999908,	18.099999999999895,	18.9999999999999,	
9.999999999999908,	18.099999999999895,	18.9999999999999,	
9.999999999999908,	18.099999999999895,	18.9999999999999,	
9.999999999999908,	18.099999999999895,	18.9999999999999,	
9.999999999999908,	18.099999999999895,	18.9999999999999,	
9.999999999999908,	18.099999999999895,	18.9999999999999,	
9.999999999999908,	0.0,	0.0,	
9.999999999999908,	18.099999999999895,	18.9999999999999,	
9.999999999999908,	0.0,	0.0,	
9.999999999999908,	18.099999999999895,	18.9999999999999,	
9.999999999999908,	18.099999999999895,	18.9999999999999,	
9.999999999999908,	18.099999999999895,	18.9999999999999,	
9.999999999999908,	0.0,	0.0,	
9.999999999999908,	18.099999999999895,	18.9999999999999,	
9.999999999999908,	0.0,	0.0,	
9.999999999999908,	18.099999999999895,	18.9999999999999,	
9.999999999999908,	18.099999999999895,	18.9999999999999,	
9.999999999999908,	18.099999999999895,	18.9999999999999,	
9.999999999999908,	18.099999999999895,	18.9999999999999,	
9.999999999999908,	18.099999999999895,	18.9999999999999,	
9.999999999999908,	18.099999999999895,	18.9999999999999,	
9.999999999999908,	18.099999999999895,	18.9999999999999,	
9.999999999999908,	18.099999999999895,	18.9999999999999,	
9.999999999999908,	18.099999999999895,	18.9999999999999,	
9.999999999999908,	0.0,	0.0,	
9.999999999999908,	18.099999999999895,	18.9999999999999,	
9.999999999999908,	0.0,	0.0,	
9.999999999999908,	18.099999999999895,	18.9999999999999,	
9.999999999999908,	18.099999999999895,	18.9999999999999,	
9.999999999999908,	18.099999999999895,	18.9999999999999,	
9.999999999999908,	0.0,	0.0,	
9.999999999999908,	18.099999999999895,	18.9999999999999,	
9.999999999999908,	0.0,	0.0,	
8.999999999999908,	17.099999999999895,	18.9999999999999,	
8.999999999999908,	17.099999999999895,	18.9999999999999,	
9.999999999999908,	18.099999999999895,	18.9999999999999,	
8.999999999999908,	17.099999999999895,	18.9999999999999,	
8.999999999999908,	17.099999999999895,	18.9999999999999,	
9.999999999999908,	18.099999999999895,	18.9999999999999,	
9.999999999999908,	18.099999999999895,	18.9999999999999,	
9.999999999999908,	18.099999999999895,	18.9999999999999,	
9.999999999999908,	18.099999999999895,	18.9999999999999,	
8.999999999999908,	17.099999999999895,	18.9999999999999,	
8.999999999999908,	17.099999999999895,	18.9999999999999,	
9.999999999999908,	18.099999999999895,	18.9999999999999,	
8.999999999999908,	17.099999999999895,	18.9999999999999,	
8.999999999999908,	17.099999999999895,	18.9999999999999,	
9.999999999999908,	18.099999999999895,	18.9999999999999,	
9.999999999999908,	18.099999999999895,	18.9999999999999,	
9.999999999999908,	18.099999999999895,	18.9999999999999,	
9.999999999999908,	18.099999999999895,	18.9999999999999,	
9.999999999999908,	18.099999999999895,	18.9999999999999,	
9.999999999999908,	18.099999999999895,	18.9999999999999,	
9.999999999999908,	18.099999999999895,	18.9999999999999,	
9.999999999999908,	18.099999999999895,	18.9999999999999,	
9.999999999999908,	18.099999999999895,	18.9999999999999,	
9.999999999999908,	18.099999999999895,	18.9999999999999,	
9.999999999999908,	18.099999999999895,	18.9999999999999,	
9.999999999999908,	18.099999999999895,	18.9999999999999,	
9.999999999999908,	18.099999999999895,	18.9999999999999,	
8.999999999999908,	17.099999999999895,	18.9999999999999,	
8.999999999999908,	17.099999999999895,	18.9999999999999,	
9.999999999999908,	18.099999999999895,	18.9999999999999,	
8.999999999999908,	17.099999999999895,	18.9999999999999,	
8.999999999999908,	17.099999999999895,	18.9999999999999,	
9.999999999999908,	18.099999999999895,	18.9999999999999,	
9.999999999999908,	18.099999999999895,	18.9999999999999,	
9.999999999999908,	18.099999999999895,	18.9999999999999,	
9.999999999999908,	18.099999999999895,	18.9999999999999,	
8.999999999999908,	17.099999999999895,	18.9999999999999,	
8.999999999999908,	17.099999999999895,	18.9999999999999,	
9.999999999999908,	18.099999999999895,	18.9999999999999,	
8.999999999999908,	17.099999999999895,	18.9999999999999,	
0.0,	18.099999999999895,	0.0,	
0.0,	18.099999999999895,	0.0,	
9.999999999999908,	18.099999999999895,	18.9999999999999,	
0.0,	18.099999999999895,	0.0,	
0.0,	18.099999999999895,	0.0,	
9.999999999999908,	18.099999999999895,	18.9999999999999,	
9.999999999999908,	18.099999999999895,	18.9999999999999,	
9.999999999999908,	18.099999999999895,	18.9999999999999,	
9.999999999999908,	18.099999999999895,	18.9999999999999,	
0.0,	18.099999999999895,	0.0,	
0.0,	18.099999999999895,	0.0,	
9.999999999999908,	18.099999999999895,	18.9999999999999,	
0.0,	18.099999999999895,	0.0,	
0.0,	18.099999999999895,	0.0,	
9.999999999999908,	18.099999999999895,	18.9999999999999,	
9.999999999999908,	18.099999999999895,	18.9999999999999,	
9.999999999999908,	18.099999999999895,	18.9999999999999,	
9.999999999999908,	18.099999999999895,	18.9999999999999,	
9.999999999999908,	18.099999999999895,	18.9999999999999,	
9.999999999999908,	18.099999999999895,	18.9999999999999,	
9.999999999999908,	18.099999999999895,	18.9999999999999,	
9.999999999999908,	18.099999999999895,	18.9999999999999,	
9.999999999999908,	18.099999999999895,	18.9999999999999,	
9.999999999999908,	18.099999999999895,	18.9999999999999,	
9.999999999999908,	18.099999999999895,	18.9999999999999,	
9.999999999999908,	18.099999999999895,	18.9999999999999,	
9.999999999999908,	18.099999999999895,	18.9999999999999,	
0.0,	18.099999999999895,	0.0,	
0.0,	18.099999999999895,	0.0,	
9.999999999999908,	18.099999999999895,	18.9999999999999,	
0.0,	18.099999999999895,	0.0,	
0.0,	18.099999999999895,	0.0,	
9.999999999999908,	18.099999999999895,	18.9999999999999,	
9.999999999999908,	18.099999999999895,	18.9999999999999,	
9.999999999999908,	18.099999999999895,	18.9999999999999,	
9.999999999999908,	18.099999999999895,	18.9999999999999,	
0.0,	18.099999999999895,	0.0,	
0.0,	18.099999999999895,	0.0,	
9.999999999999908,	18.099999999999895,	18.9999999999999,	
0.0,	18.099999999999895,	0.0,	
0.0,	18.099999999999895,	0.0,	
9.999999999999908,	0.0,	0.0,	
9.999999999999908,	18.099999999999895,	18.9999999999999,	
9.999999999999908,	0.0,	0.0,	
9.999999999999908,	18.099999999999895,	18.9999999999999,	
9.999999999999908,	18.099999999999895,	18.9999999999999,	
9.999999999999908,	18.099999999999895,	18.9999999999999,	
9.999999999999908,	0.0,	0.0,	
9.999999999999908,	18.099999999999895,	18.9999999999999,	
9.999999999999908,	0.0,	0.0,	
9.999999999999908,	18.099999999999895,	18.9999999999999,	
9.999999999999908,	18.099999999999895,	18.9999999999999,	
9.999999999999908,	18.099999999999895,	18.9999999999999,	
9.999999999999908,	18.099999999999895,	18.9999999999999,	
9.999999999999908,	18.099999999999895,	18.9999999999999,	
9.999999999999908,	18.099999999999895,	18.9999999999999,	
9.999999999999908,	18.099999999999895,	18.9999999999999,	
9.999999999999908,	18.099999999999895,	18.9999999999999,	
9.999999999999908,	18.099999999999895,	18.9999999999999,	
9.999999999999908,	0.0,	0.0,	
9.999999999999908,	18.099999999999895,	18.9999999999999,	
9.999999999999908,	0.0,	0.0,	
9.999999999999908,	18.099999999999895,	18.9999999999999,	
9.999999999999908,	18.099999999999895,	18.9999999999999,	
9.999999999999908,	18.099999999999895,	18.9999999999999,	
9.999999999999908,	0.0,	0.0,	
9.999999999999908,	18.099999999999895,	18.9999999999999,	
9.999999999999908,	0.0,	0.0,	
9.999999999999908,	18.099999999999895,	18.9999999999999,	
9.999999999999908,	18.099999999999895,	18.9999999999999,	
9.999999999999908,	18.099999999999895,	18.9999999999999,	
9.999999999999908,	18.099999999999895,	18.9999999999999,	
9.999999999999908,	18.099999999999895,	18.9999999999999,	
9.999999999999908,	18.099999999999895,	18.9999999999999,	
9.999999999999908,	18.099999999999895,	18.9999999999999,	
9.999999999999908,	18.099999999999895,	18.9999999999999,	
9.999999999999908,	18.099999999999895,	18.9999999999999,	
9.999999999999908,	18.099999999999895,	18.9999999999999,	
9.999999999999908,	18.099999999999895,	18.9999999999999,	
9.999999999999908,	18.099999999999895,	18.9999999999999,	
9.999999999999908,	18.099999999999895,	18.9999999999999,	
0.0,	18.099999999999895,	0.0,	
0.0,	18.099999999999895,	0.0,	
9.999999999999908,	18.099999999999895,	18.9999999999999,	
0.0,	18.099999999999895,	0.0,	
0.0,	18.099999999999895,	0.0,	
9.999999999999908,	18.099999999999895,	18.9999999999999,	
9.999999999999908,	18.099999999999895,	18.9999999999999,	
9.999999999999908,	18.099999999999895,	18.9999999999999,	
9.999999999999908,	18.099999999999895,	18.9999999999999,	
0.0,	18.099999999999895,	0.0,	
0.0,	18.099999999999895,	0.0,	
9.999999999999908,	18.099999999999895,	18.9999999999999,	
0.0,	18.099999999999895,	0.0,	
0.0,	18.099999999999895,	0.0,	
9.999999999999908,	0.0,	0.0,	
9.999999999999908,	18.099999999999895,	18.9999999999999,	
9.999999999999908,	0.0,	0.0,	
9.999999999999908,	18.099999999999895,	18.9999999999999,	
9.999999999999908,	18.099999999999895,	18.9999999999999,	
9.999999999999908,	18.099999999999895,	18.9999999999999,	
9.999999999999908,	0.0,	0.0,	
9.999999999999908,	18.099999999999895,	18.9999999999999,	
9.999999999999908,	0.0,	0.0,	
9.999999999999908,	18.099999999999895,	18.9999999999999,	
9.999999999999908,	18.099999999999895,	18.9999999999999,	
9.999999999999908,	18.099999999999895,	18.9999999999999,	
9.999999999999908,	18.099999999999895,	18.9999999999999,	
0.0,	18.099999999999895,	0.0,	
0.0,	18.099999999999895,	0.0,	
9.999999999999908,	18.099999999999895,	18.9999999999999,	
0.0,	18.099999999999895,	0.0,	
0.0,	18.099999999999895,	0.0,	
9.999999999999908,	0.0,	0.0,	
9.999999999999908,	18.099999999999895,	18.9999999999999,	
9.999999999999908,	0.0,	0.0,	
9.999999999999908,	18.099999999999895,	18.9999999999999,	
0.0,	18.099999999999895,	0.0,	
0.0,	18.099999999999895,	0.0,	
9.999999999999908,	0.0,	0.0,	
0.0,	18.099999999999895,	0.0,	
18.9999999999999,	27.099999999999895,	18.9999999999999,
