00000,1,-1,-1,
00001,0,0,10,
00002,1,-1,-1,
00010,0,0,10,
00011,0,0,10,
00012,1,1,10,
00020,1,-1,-1,
00021,1,1,10,
00022,1,-1,-1,
00100,0,0,10,
00101,0,0,10,
00102,1,1,10,
00110,0,0,10,
00111,0,0,10,
00112,1,1,10,
00120,1,1,10,
00121,1,1,10,
00122,1,1,10,
00200,1,-1,-1,
00201,1,1,10,
00202,1,-1,-1,
00210,1,1,10,
00211,1,1,10,
00212,1,1,10,
00220,1,-1,-1,
00221,1,1,10,
00222,1,-1,-1,
01000,0,0,10,
01001,0,0,10,
01002,1,1,10,
01010,0,0,10,
01011,0,0,10,
01012,1,1,10,
01020,1,1,10,
01021,1,1,10,
01022,1,1,10,
01100,0,0,10,
01101,0,0,10,
01102,1,1,10,
01110,0,0,10,
01111,0,0,10,
01112,1,1,10,
01120,1,1,10,
01121,1,1,10,
01122,1,1,10,
01200,1,1,10,
01201,1,1,10,
01202,1,1,10,
01210,1,1,10,
01211,1,1,10,
01212,1,1,10,
01220,1,1,10,
01221,1,1,10,
01222,1,1,10,
02000,1,-1,-1,
02001,1,1,10,
02002,1,-1,-1,
02010,1,1,10,
02011,1,1,10,
02012,1,1,10,
02020,1,-1,-1,
02021,1,1,10,
02022,1,-1,-1,
02100,1,1,10,
02101,1,1,10,
02102,1,1,10,
02110,1,1,10,
02111,1,1,10,
02112,1,1,10,
02120,1,1,10,
02121,1,1,10,
02122,1,1,10,
02200,1,-1,-1,
02201,1,1,10,
02202,1,-1,-1,
02210,1,1,10,
02211,1,1,10,
02212,1,1,10,
02220,1,-1,-1,
02221,1,1,10,
02222,1,-1,-1,
10000,0,0,10,
10001,0,0,10,
10002,1,1,10,
10010,0,0,10,
10011,0,0,10,
10012,1,1,10,
10020,1,1,10,
10021,1,1,10,
10022,1,1,10,
10100,0,0,10,
10101,0,0,10,
10102,1,1,10,
10110,0,0,10,
10111,0,0,10,
10112,1,1,10,
10120,1,1,10,
10121,1,1,10,
10122,1,1,10,
10200,1,1,10,
10201,1,1,10,
10202,1,1,10,
10210,1,1,10,
10211,1,1,10,
10212,1,1,10,
10220,1,1,10,
10221,1,1,10,
10222,1,1,10,
11000,0,0,10,
11001,0,0,10,
11002,1,1,10,
11010,0,0,10,
11011,0,0,10,
11012,1,1,10,
11020,1,1,10,
11021,1,1,10,
11022,1,1,10,
11100,0,0,10,
11101,0,0,10,
11102,1,1,10,
11110,0,0,10,
11111,-1,1,-1,
11112,-1,1,-1,
11120,1,1,10,
11121,-1,1,-1,
11122,-1,1,-1,
11200,1,1,10,
11201,1,1,10,
11202,1,1,10,
11210,1,1,10,
11211,-1,1,-1,
11212,-1,1,-1,
11220,1,1,10,
11221,-1,1,-1,
11222,-1,1,-1,
12000,1,1,10,
12001,1,1,10,
12002,1,1,10,
12010,1,1,10,
12011,1,1,10,
12012,1,1,10,
12020,1,1,10,
12021,1,1,10,
12022,1,1,10,
12100,1,1,10,
12101,1,1,10,
12102,1,1,10,
12110,1,1,10,
12111,-1,1,-1,
12112,-1,1,-1,
12120,1,1,10,
12121,-1,1,-1,
12122,-1,1,-1,
12200,1,1,10,
12201,1,1,10,
12202,1,1,10,
12210,1,1,10,
12211,-1,1,-1,
12212,-1,1,-1,
12220,1,1,10,
12221,-1,1,-1,
12222,-1,1,-1,
20000,1,-1,-1,
20001,1,1,10,
20002,1,-1,-1,
20010,1,1,10,
20011,1,1,10,
20012,1,1,10,
20020,1,-1,-1,
20021,1,1,10,
20022,1,-1,-1,
20100,1,1,10,
20101,1,1,10,
20102,1,1,10,
20110,1,1,10,
20111,1,1,10,
20112,1,1,10,
20120,1,1,10,
20121,1,1,10,
20122,1,1,10,
20200,1,-1,-1,
20201,1,1,10,
20202,1,-1,-1,
20210,1,1,10,
20211,1,1,10,
20212,1,1,10,
20220,1,-1,-1,
20221,1,1,10,
20222,1,-1,-1,
21000,1,1,10,
21001,1,1,10,
21002,1,1,10,
21010,1,1,10,
21011,1,1,10,
21012,1,1,10,
21020,1,1,10,
21021,1,1,10,
21022,1,1,10,
21100,1,1,10,
21101,1,1,10,
21102,1,1,10,
21110,1,1,10,
21111,-1,1,-1,
21112,-1,1,-1,
21120,1,1,10,
21121,-1,1,-1,
21122,-1,1,-1,
21200,1,1,10,
21201,1,1,10,
21202,1,1,10,
21210,1,1,10,
21211,-1,1,-1,
21212,-1,1,-1,
21220,1,1,10,
21221,-1,1,-1,
21222,-1,1,-1,
22000,1,-1,-1,
22001,1,1,10,
22002,1,-1,-1,
22010,1,1,10,
22011,1,1,10,
22012,1,1,10,
22020,1,-1,-1,
22021,1,1,10,
22022,1,-1,-1,
22100,1,1,10,
22101,1,1,10,
22102,1,1,10,
22110,1,1,10,
22111,-1,1,-1,
22112,-1,1,-1,
22120,1,1,10,
22121,-1,1,-1,
22122,-1,1,-1,
22200,1,-1,-1,
22201,1,1,10,
22202,1,-1,-1,
22210,1,1,10,
22211,-1,1,-1,
22212,-1,1,-1,
22220,1,-1,-1,
22221,-1,1,-1,
22222,10,10,10,

